{
 "cells": [
  {
   "cell_type": "code",
   "execution_count": 1,
   "metadata": {},
   "outputs": [],
   "source": [
    "import pandas as pd\n",
    "import matplotlib.pyplot as plt\n",
    "import numpy as np"
   ]
  },
  {
   "cell_type": "code",
   "execution_count": 2,
   "metadata": {},
   "outputs": [],
   "source": [
    "# Load data\n",
    "prices_df = pd.read_csv('data\\Russell3000_prices_clean.csv')\n",
    "prices_df['Date'] = pd.to_datetime(prices_df['Date'], dayfirst=True)\n",
    "prices_df.sort_values(by='Date', inplace=True)\n",
    "\n",
    "# Select stocks to use; exclude the first column (date)\n",
    "selected_stocks = prices_df.columns[1:20]\n",
    "\n",
    "# Calculate returns\n",
    "returns_df = prices_df[selected_stocks].pct_change()\n",
    "returns_df = returns_df.dropna().reset_index(drop=True)\n",
    "returns_df.insert(0, 'Date', prices_df['Date'][:-1])\n",
    "\n",
    "# Convert to numpy array (for easier calculations)\n",
    "returns_matrix = returns_df.iloc[:, 1:].to_numpy()"
   ]
  },
  {
   "cell_type": "code",
   "execution_count": null,
   "metadata": {},
   "outputs": [],
   "source": []
  },
  {
   "cell_type": "code",
   "execution_count": 45,
   "metadata": {},
   "outputs": [],
   "source": [
    "test_start_date = pd.to_datetime('2020-01-01')\n",
    "test_end_date = pd.to_datetime('2021-07-15')\n",
    "\n",
    "messages = {\"test_start\": [], \"test_end\": []}\n",
    "\n",
    "# Check if test_start_date exists in the DataFrame, if not, take the next date that exists\n",
    "if test_start_date not in returns_df['Date'].values:\n",
    "    test_start_date = returns_df['Date'][returns_df['Date'] > test_start_date].bfill().iloc[0]\n",
    "    messages[\"test_start\"] = messages[\"test_start\"] or ['Start date not found, using closest next date instead.']\n",
    "\n",
    "# Check if test_end_date exists in the DataFrame, if not, take the previous date that exists\n",
    "if test_end_date not in returns_df['Date'].values:\n",
    "    test_end_date = returns_df['Date'][returns_df['Date'] < test_end_date].ffill().iloc[-1]\n",
    "    messages[\"test_end\"] = messages[\"test_end\"] or ['End date not found, using closest date instead.']\n",
    "\n",
    "test_start = returns_df.loc[returns_df['Date'] == test_start_date].index[0]\n",
    "test_end = returns_df.loc[returns_df['Date'] == test_end_date].index[0]\n",
    "\n",
    "del test_start_date, test_end_date, messages"
   ]
  },
  {
   "cell_type": "code",
   "execution_count": 46,
   "metadata": {},
   "outputs": [],
   "source": [
    "volatility = {stock: returns_df[stock][test_start: test_end].std() for stock in selected_stocks}\n"
   ]
  },
  {
   "cell_type": "code",
   "execution_count": 47,
   "metadata": {},
   "outputs": [],
   "source": [
    "values = np.array(list(volatility.values()))\n",
    "\n",
    "korelacijska_matrica = returns_df.iloc[:, 1:].corr()\n",
    "\n",
    "kovarijantska_matrica = korelacijska_matrica * np.outer(values, values)"
   ]
  },
  {
   "cell_type": "code",
   "execution_count": 49,
   "metadata": {},
   "outputs": [
    {
     "data": {
      "text/html": [
       "<div>\n",
       "<style scoped>\n",
       "    .dataframe tbody tr th:only-of-type {\n",
       "        vertical-align: middle;\n",
       "    }\n",
       "\n",
       "    .dataframe tbody tr th {\n",
       "        vertical-align: top;\n",
       "    }\n",
       "\n",
       "    .dataframe thead th {\n",
       "        text-align: right;\n",
       "    }\n",
       "</style>\n",
       "<table border=\"1\" class=\"dataframe\">\n",
       "  <thead>\n",
       "    <tr style=\"text-align: right;\">\n",
       "      <th></th>\n",
       "      <th>MSFT</th>\n",
       "      <th>AAPL</th>\n",
       "      <th>AMZN</th>\n",
       "      <th>NVDA</th>\n",
       "      <th>JPM</th>\n",
       "      <th>JNJ</th>\n",
       "      <th>UNH</th>\n",
       "      <th>HD</th>\n",
       "      <th>PG</th>\n",
       "      <th>BAC</th>\n",
       "      <th>DIS</th>\n",
       "      <th>ADBE</th>\n",
       "      <th>XOM</th>\n",
       "      <th>CMCSA</th>\n",
       "      <th>PFE</th>\n",
       "      <th>CSCO</th>\n",
       "      <th>TMO</th>\n",
       "      <th>PEP</th>\n",
       "      <th>VZ</th>\n",
       "    </tr>\n",
       "  </thead>\n",
       "  <tbody>\n",
       "    <tr>\n",
       "      <th>MSFT</th>\n",
       "      <td>0.000550</td>\n",
       "      <td>0.000278</td>\n",
       "      <td>0.000209</td>\n",
       "      <td>0.000360</td>\n",
       "      <td>0.000303</td>\n",
       "      <td>0.000133</td>\n",
       "      <td>0.000192</td>\n",
       "      <td>0.000236</td>\n",
       "      <td>0.000115</td>\n",
       "      <td>0.000272</td>\n",
       "      <td>0.000278</td>\n",
       "      <td>0.000330</td>\n",
       "      <td>0.000271</td>\n",
       "      <td>0.000215</td>\n",
       "      <td>0.000153</td>\n",
       "      <td>0.000294</td>\n",
       "      <td>0.000215</td>\n",
       "      <td>0.000157</td>\n",
       "      <td>0.000119</td>\n",
       "    </tr>\n",
       "    <tr>\n",
       "      <th>AAPL</th>\n",
       "      <td>0.000278</td>\n",
       "      <td>0.000650</td>\n",
       "      <td>0.000193</td>\n",
       "      <td>0.000347</td>\n",
       "      <td>0.000261</td>\n",
       "      <td>0.000094</td>\n",
       "      <td>0.000162</td>\n",
       "      <td>0.000197</td>\n",
       "      <td>0.000087</td>\n",
       "      <td>0.000244</td>\n",
       "      <td>0.000230</td>\n",
       "      <td>0.000286</td>\n",
       "      <td>0.000207</td>\n",
       "      <td>0.000168</td>\n",
       "      <td>0.000109</td>\n",
       "      <td>0.000262</td>\n",
       "      <td>0.000183</td>\n",
       "      <td>0.000097</td>\n",
       "      <td>0.000089</td>\n",
       "    </tr>\n",
       "    <tr>\n",
       "      <th>AMZN</th>\n",
       "      <td>0.000209</td>\n",
       "      <td>0.000193</td>\n",
       "      <td>0.000451</td>\n",
       "      <td>0.000236</td>\n",
       "      <td>0.000192</td>\n",
       "      <td>0.000055</td>\n",
       "      <td>0.000103</td>\n",
       "      <td>0.000160</td>\n",
       "      <td>0.000046</td>\n",
       "      <td>0.000162</td>\n",
       "      <td>0.000187</td>\n",
       "      <td>0.000227</td>\n",
       "      <td>0.000120</td>\n",
       "      <td>0.000137</td>\n",
       "      <td>0.000082</td>\n",
       "      <td>0.000197</td>\n",
       "      <td>0.000139</td>\n",
       "      <td>0.000066</td>\n",
       "      <td>0.000065</td>\n",
       "    </tr>\n",
       "    <tr>\n",
       "      <th>NVDA</th>\n",
       "      <td>0.000360</td>\n",
       "      <td>0.000347</td>\n",
       "      <td>0.000236</td>\n",
       "      <td>0.001091</td>\n",
       "      <td>0.000309</td>\n",
       "      <td>0.000087</td>\n",
       "      <td>0.000164</td>\n",
       "      <td>0.000239</td>\n",
       "      <td>0.000051</td>\n",
       "      <td>0.000276</td>\n",
       "      <td>0.000304</td>\n",
       "      <td>0.000387</td>\n",
       "      <td>0.000254</td>\n",
       "      <td>0.000228</td>\n",
       "      <td>0.000124</td>\n",
       "      <td>0.000354</td>\n",
       "      <td>0.000250</td>\n",
       "      <td>0.000103</td>\n",
       "      <td>0.000105</td>\n",
       "    </tr>\n",
       "    <tr>\n",
       "      <th>JPM</th>\n",
       "      <td>0.000303</td>\n",
       "      <td>0.000261</td>\n",
       "      <td>0.000192</td>\n",
       "      <td>0.000309</td>\n",
       "      <td>0.000813</td>\n",
       "      <td>0.000154</td>\n",
       "      <td>0.000259</td>\n",
       "      <td>0.000337</td>\n",
       "      <td>0.000151</td>\n",
       "      <td>0.000700</td>\n",
       "      <td>0.000386</td>\n",
       "      <td>0.000296</td>\n",
       "      <td>0.000379</td>\n",
       "      <td>0.000296</td>\n",
       "      <td>0.000208</td>\n",
       "      <td>0.000288</td>\n",
       "      <td>0.000250</td>\n",
       "      <td>0.000180</td>\n",
       "      <td>0.000161</td>\n",
       "    </tr>\n",
       "    <tr>\n",
       "      <th>JNJ</th>\n",
       "      <td>0.000133</td>\n",
       "      <td>0.000094</td>\n",
       "      <td>0.000055</td>\n",
       "      <td>0.000087</td>\n",
       "      <td>0.000154</td>\n",
       "      <td>0.000263</td>\n",
       "      <td>0.000161</td>\n",
       "      <td>0.000127</td>\n",
       "      <td>0.000131</td>\n",
       "      <td>0.000155</td>\n",
       "      <td>0.000153</td>\n",
       "      <td>0.000107</td>\n",
       "      <td>0.000209</td>\n",
       "      <td>0.000120</td>\n",
       "      <td>0.000168</td>\n",
       "      <td>0.000098</td>\n",
       "      <td>0.000125</td>\n",
       "      <td>0.000154</td>\n",
       "      <td>0.000085</td>\n",
       "    </tr>\n",
       "    <tr>\n",
       "      <th>UNH</th>\n",
       "      <td>0.000192</td>\n",
       "      <td>0.000162</td>\n",
       "      <td>0.000103</td>\n",
       "      <td>0.000164</td>\n",
       "      <td>0.000259</td>\n",
       "      <td>0.000161</td>\n",
       "      <td>0.000631</td>\n",
       "      <td>0.000207</td>\n",
       "      <td>0.000142</td>\n",
       "      <td>0.000281</td>\n",
       "      <td>0.000226</td>\n",
       "      <td>0.000184</td>\n",
       "      <td>0.000274</td>\n",
       "      <td>0.000187</td>\n",
       "      <td>0.000185</td>\n",
       "      <td>0.000136</td>\n",
       "      <td>0.000194</td>\n",
       "      <td>0.000173</td>\n",
       "      <td>0.000092</td>\n",
       "    </tr>\n",
       "    <tr>\n",
       "      <th>HD</th>\n",
       "      <td>0.000236</td>\n",
       "      <td>0.000197</td>\n",
       "      <td>0.000160</td>\n",
       "      <td>0.000239</td>\n",
       "      <td>0.000337</td>\n",
       "      <td>0.000127</td>\n",
       "      <td>0.000207</td>\n",
       "      <td>0.000535</td>\n",
       "      <td>0.000135</td>\n",
       "      <td>0.000312</td>\n",
       "      <td>0.000287</td>\n",
       "      <td>0.000231</td>\n",
       "      <td>0.000253</td>\n",
       "      <td>0.000213</td>\n",
       "      <td>0.000157</td>\n",
       "      <td>0.000206</td>\n",
       "      <td>0.000195</td>\n",
       "      <td>0.000170</td>\n",
       "      <td>0.000115</td>\n",
       "    </tr>\n",
       "    <tr>\n",
       "      <th>PG</th>\n",
       "      <td>0.000115</td>\n",
       "      <td>0.000087</td>\n",
       "      <td>0.000046</td>\n",
       "      <td>0.000051</td>\n",
       "      <td>0.000151</td>\n",
       "      <td>0.000131</td>\n",
       "      <td>0.000142</td>\n",
       "      <td>0.000135</td>\n",
       "      <td>0.000298</td>\n",
       "      <td>0.000157</td>\n",
       "      <td>0.000140</td>\n",
       "      <td>0.000095</td>\n",
       "      <td>0.000174</td>\n",
       "      <td>0.000119</td>\n",
       "      <td>0.000126</td>\n",
       "      <td>0.000092</td>\n",
       "      <td>0.000090</td>\n",
       "      <td>0.000168</td>\n",
       "      <td>0.000084</td>\n",
       "    </tr>\n",
       "    <tr>\n",
       "      <th>BAC</th>\n",
       "      <td>0.000272</td>\n",
       "      <td>0.000244</td>\n",
       "      <td>0.000162</td>\n",
       "      <td>0.000276</td>\n",
       "      <td>0.000700</td>\n",
       "      <td>0.000155</td>\n",
       "      <td>0.000281</td>\n",
       "      <td>0.000312</td>\n",
       "      <td>0.000157</td>\n",
       "      <td>0.000966</td>\n",
       "      <td>0.000365</td>\n",
       "      <td>0.000276</td>\n",
       "      <td>0.000382</td>\n",
       "      <td>0.000282</td>\n",
       "      <td>0.000213</td>\n",
       "      <td>0.000256</td>\n",
       "      <td>0.000225</td>\n",
       "      <td>0.000173</td>\n",
       "      <td>0.000143</td>\n",
       "    </tr>\n",
       "    <tr>\n",
       "      <th>DIS</th>\n",
       "      <td>0.000278</td>\n",
       "      <td>0.000230</td>\n",
       "      <td>0.000187</td>\n",
       "      <td>0.000304</td>\n",
       "      <td>0.000386</td>\n",
       "      <td>0.000153</td>\n",
       "      <td>0.000226</td>\n",
       "      <td>0.000287</td>\n",
       "      <td>0.000140</td>\n",
       "      <td>0.000365</td>\n",
       "      <td>0.000692</td>\n",
       "      <td>0.000279</td>\n",
       "      <td>0.000348</td>\n",
       "      <td>0.000276</td>\n",
       "      <td>0.000182</td>\n",
       "      <td>0.000259</td>\n",
       "      <td>0.000229</td>\n",
       "      <td>0.000168</td>\n",
       "      <td>0.000144</td>\n",
       "    </tr>\n",
       "    <tr>\n",
       "      <th>ADBE</th>\n",
       "      <td>0.000330</td>\n",
       "      <td>0.000286</td>\n",
       "      <td>0.000227</td>\n",
       "      <td>0.000387</td>\n",
       "      <td>0.000296</td>\n",
       "      <td>0.000107</td>\n",
       "      <td>0.000184</td>\n",
       "      <td>0.000231</td>\n",
       "      <td>0.000095</td>\n",
       "      <td>0.000276</td>\n",
       "      <td>0.000279</td>\n",
       "      <td>0.000675</td>\n",
       "      <td>0.000212</td>\n",
       "      <td>0.000216</td>\n",
       "      <td>0.000127</td>\n",
       "      <td>0.000309</td>\n",
       "      <td>0.000200</td>\n",
       "      <td>0.000117</td>\n",
       "      <td>0.000100</td>\n",
       "    </tr>\n",
       "    <tr>\n",
       "      <th>XOM</th>\n",
       "      <td>0.000271</td>\n",
       "      <td>0.000207</td>\n",
       "      <td>0.000120</td>\n",
       "      <td>0.000254</td>\n",
       "      <td>0.000379</td>\n",
       "      <td>0.000209</td>\n",
       "      <td>0.000274</td>\n",
       "      <td>0.000253</td>\n",
       "      <td>0.000174</td>\n",
       "      <td>0.000382</td>\n",
       "      <td>0.000348</td>\n",
       "      <td>0.000212</td>\n",
       "      <td>0.000845</td>\n",
       "      <td>0.000261</td>\n",
       "      <td>0.000239</td>\n",
       "      <td>0.000212</td>\n",
       "      <td>0.000222</td>\n",
       "      <td>0.000231</td>\n",
       "      <td>0.000157</td>\n",
       "    </tr>\n",
       "    <tr>\n",
       "      <th>CMCSA</th>\n",
       "      <td>0.000215</td>\n",
       "      <td>0.000168</td>\n",
       "      <td>0.000137</td>\n",
       "      <td>0.000228</td>\n",
       "      <td>0.000296</td>\n",
       "      <td>0.000120</td>\n",
       "      <td>0.000187</td>\n",
       "      <td>0.000213</td>\n",
       "      <td>0.000119</td>\n",
       "      <td>0.000282</td>\n",
       "      <td>0.000276</td>\n",
       "      <td>0.000216</td>\n",
       "      <td>0.000261</td>\n",
       "      <td>0.000446</td>\n",
       "      <td>0.000149</td>\n",
       "      <td>0.000193</td>\n",
       "      <td>0.000169</td>\n",
       "      <td>0.000141</td>\n",
       "      <td>0.000120</td>\n",
       "    </tr>\n",
       "    <tr>\n",
       "      <th>PFE</th>\n",
       "      <td>0.000153</td>\n",
       "      <td>0.000109</td>\n",
       "      <td>0.000082</td>\n",
       "      <td>0.000124</td>\n",
       "      <td>0.000208</td>\n",
       "      <td>0.000168</td>\n",
       "      <td>0.000185</td>\n",
       "      <td>0.000157</td>\n",
       "      <td>0.000126</td>\n",
       "      <td>0.000213</td>\n",
       "      <td>0.000182</td>\n",
       "      <td>0.000127</td>\n",
       "      <td>0.000239</td>\n",
       "      <td>0.000149</td>\n",
       "      <td>0.000356</td>\n",
       "      <td>0.000124</td>\n",
       "      <td>0.000150</td>\n",
       "      <td>0.000151</td>\n",
       "      <td>0.000096</td>\n",
       "    </tr>\n",
       "    <tr>\n",
       "      <th>CSCO</th>\n",
       "      <td>0.000294</td>\n",
       "      <td>0.000262</td>\n",
       "      <td>0.000197</td>\n",
       "      <td>0.000354</td>\n",
       "      <td>0.000288</td>\n",
       "      <td>0.000098</td>\n",
       "      <td>0.000136</td>\n",
       "      <td>0.000206</td>\n",
       "      <td>0.000092</td>\n",
       "      <td>0.000256</td>\n",
       "      <td>0.000259</td>\n",
       "      <td>0.000309</td>\n",
       "      <td>0.000212</td>\n",
       "      <td>0.000193</td>\n",
       "      <td>0.000124</td>\n",
       "      <td>0.000491</td>\n",
       "      <td>0.000184</td>\n",
       "      <td>0.000111</td>\n",
       "      <td>0.000104</td>\n",
       "    </tr>\n",
       "    <tr>\n",
       "      <th>TMO</th>\n",
       "      <td>0.000215</td>\n",
       "      <td>0.000183</td>\n",
       "      <td>0.000139</td>\n",
       "      <td>0.000250</td>\n",
       "      <td>0.000250</td>\n",
       "      <td>0.000125</td>\n",
       "      <td>0.000194</td>\n",
       "      <td>0.000195</td>\n",
       "      <td>0.000090</td>\n",
       "      <td>0.000225</td>\n",
       "      <td>0.000229</td>\n",
       "      <td>0.000200</td>\n",
       "      <td>0.000222</td>\n",
       "      <td>0.000169</td>\n",
       "      <td>0.000150</td>\n",
       "      <td>0.000184</td>\n",
       "      <td>0.000443</td>\n",
       "      <td>0.000130</td>\n",
       "      <td>0.000092</td>\n",
       "    </tr>\n",
       "    <tr>\n",
       "      <th>PEP</th>\n",
       "      <td>0.000157</td>\n",
       "      <td>0.000097</td>\n",
       "      <td>0.000066</td>\n",
       "      <td>0.000103</td>\n",
       "      <td>0.000180</td>\n",
       "      <td>0.000154</td>\n",
       "      <td>0.000173</td>\n",
       "      <td>0.000170</td>\n",
       "      <td>0.000168</td>\n",
       "      <td>0.000173</td>\n",
       "      <td>0.000168</td>\n",
       "      <td>0.000117</td>\n",
       "      <td>0.000231</td>\n",
       "      <td>0.000141</td>\n",
       "      <td>0.000151</td>\n",
       "      <td>0.000111</td>\n",
       "      <td>0.000130</td>\n",
       "      <td>0.000371</td>\n",
       "      <td>0.000099</td>\n",
       "    </tr>\n",
       "    <tr>\n",
       "      <th>VZ</th>\n",
       "      <td>0.000119</td>\n",
       "      <td>0.000089</td>\n",
       "      <td>0.000065</td>\n",
       "      <td>0.000105</td>\n",
       "      <td>0.000161</td>\n",
       "      <td>0.000085</td>\n",
       "      <td>0.000092</td>\n",
       "      <td>0.000115</td>\n",
       "      <td>0.000084</td>\n",
       "      <td>0.000143</td>\n",
       "      <td>0.000144</td>\n",
       "      <td>0.000100</td>\n",
       "      <td>0.000157</td>\n",
       "      <td>0.000120</td>\n",
       "      <td>0.000096</td>\n",
       "      <td>0.000104</td>\n",
       "      <td>0.000092</td>\n",
       "      <td>0.000099</td>\n",
       "      <td>0.000183</td>\n",
       "    </tr>\n",
       "  </tbody>\n",
       "</table>\n",
       "</div>"
      ],
      "text/plain": [
       "           MSFT      AAPL      AMZN      NVDA       JPM       JNJ       UNH  \\\n",
       "MSFT   0.000550  0.000278  0.000209  0.000360  0.000303  0.000133  0.000192   \n",
       "AAPL   0.000278  0.000650  0.000193  0.000347  0.000261  0.000094  0.000162   \n",
       "AMZN   0.000209  0.000193  0.000451  0.000236  0.000192  0.000055  0.000103   \n",
       "NVDA   0.000360  0.000347  0.000236  0.001091  0.000309  0.000087  0.000164   \n",
       "JPM    0.000303  0.000261  0.000192  0.000309  0.000813  0.000154  0.000259   \n",
       "JNJ    0.000133  0.000094  0.000055  0.000087  0.000154  0.000263  0.000161   \n",
       "UNH    0.000192  0.000162  0.000103  0.000164  0.000259  0.000161  0.000631   \n",
       "HD     0.000236  0.000197  0.000160  0.000239  0.000337  0.000127  0.000207   \n",
       "PG     0.000115  0.000087  0.000046  0.000051  0.000151  0.000131  0.000142   \n",
       "BAC    0.000272  0.000244  0.000162  0.000276  0.000700  0.000155  0.000281   \n",
       "DIS    0.000278  0.000230  0.000187  0.000304  0.000386  0.000153  0.000226   \n",
       "ADBE   0.000330  0.000286  0.000227  0.000387  0.000296  0.000107  0.000184   \n",
       "XOM    0.000271  0.000207  0.000120  0.000254  0.000379  0.000209  0.000274   \n",
       "CMCSA  0.000215  0.000168  0.000137  0.000228  0.000296  0.000120  0.000187   \n",
       "PFE    0.000153  0.000109  0.000082  0.000124  0.000208  0.000168  0.000185   \n",
       "CSCO   0.000294  0.000262  0.000197  0.000354  0.000288  0.000098  0.000136   \n",
       "TMO    0.000215  0.000183  0.000139  0.000250  0.000250  0.000125  0.000194   \n",
       "PEP    0.000157  0.000097  0.000066  0.000103  0.000180  0.000154  0.000173   \n",
       "VZ     0.000119  0.000089  0.000065  0.000105  0.000161  0.000085  0.000092   \n",
       "\n",
       "             HD        PG       BAC       DIS      ADBE       XOM     CMCSA  \\\n",
       "MSFT   0.000236  0.000115  0.000272  0.000278  0.000330  0.000271  0.000215   \n",
       "AAPL   0.000197  0.000087  0.000244  0.000230  0.000286  0.000207  0.000168   \n",
       "AMZN   0.000160  0.000046  0.000162  0.000187  0.000227  0.000120  0.000137   \n",
       "NVDA   0.000239  0.000051  0.000276  0.000304  0.000387  0.000254  0.000228   \n",
       "JPM    0.000337  0.000151  0.000700  0.000386  0.000296  0.000379  0.000296   \n",
       "JNJ    0.000127  0.000131  0.000155  0.000153  0.000107  0.000209  0.000120   \n",
       "UNH    0.000207  0.000142  0.000281  0.000226  0.000184  0.000274  0.000187   \n",
       "HD     0.000535  0.000135  0.000312  0.000287  0.000231  0.000253  0.000213   \n",
       "PG     0.000135  0.000298  0.000157  0.000140  0.000095  0.000174  0.000119   \n",
       "BAC    0.000312  0.000157  0.000966  0.000365  0.000276  0.000382  0.000282   \n",
       "DIS    0.000287  0.000140  0.000365  0.000692  0.000279  0.000348  0.000276   \n",
       "ADBE   0.000231  0.000095  0.000276  0.000279  0.000675  0.000212  0.000216   \n",
       "XOM    0.000253  0.000174  0.000382  0.000348  0.000212  0.000845  0.000261   \n",
       "CMCSA  0.000213  0.000119  0.000282  0.000276  0.000216  0.000261  0.000446   \n",
       "PFE    0.000157  0.000126  0.000213  0.000182  0.000127  0.000239  0.000149   \n",
       "CSCO   0.000206  0.000092  0.000256  0.000259  0.000309  0.000212  0.000193   \n",
       "TMO    0.000195  0.000090  0.000225  0.000229  0.000200  0.000222  0.000169   \n",
       "PEP    0.000170  0.000168  0.000173  0.000168  0.000117  0.000231  0.000141   \n",
       "VZ     0.000115  0.000084  0.000143  0.000144  0.000100  0.000157  0.000120   \n",
       "\n",
       "            PFE      CSCO       TMO       PEP        VZ  \n",
       "MSFT   0.000153  0.000294  0.000215  0.000157  0.000119  \n",
       "AAPL   0.000109  0.000262  0.000183  0.000097  0.000089  \n",
       "AMZN   0.000082  0.000197  0.000139  0.000066  0.000065  \n",
       "NVDA   0.000124  0.000354  0.000250  0.000103  0.000105  \n",
       "JPM    0.000208  0.000288  0.000250  0.000180  0.000161  \n",
       "JNJ    0.000168  0.000098  0.000125  0.000154  0.000085  \n",
       "UNH    0.000185  0.000136  0.000194  0.000173  0.000092  \n",
       "HD     0.000157  0.000206  0.000195  0.000170  0.000115  \n",
       "PG     0.000126  0.000092  0.000090  0.000168  0.000084  \n",
       "BAC    0.000213  0.000256  0.000225  0.000173  0.000143  \n",
       "DIS    0.000182  0.000259  0.000229  0.000168  0.000144  \n",
       "ADBE   0.000127  0.000309  0.000200  0.000117  0.000100  \n",
       "XOM    0.000239  0.000212  0.000222  0.000231  0.000157  \n",
       "CMCSA  0.000149  0.000193  0.000169  0.000141  0.000120  \n",
       "PFE    0.000356  0.000124  0.000150  0.000151  0.000096  \n",
       "CSCO   0.000124  0.000491  0.000184  0.000111  0.000104  \n",
       "TMO    0.000150  0.000184  0.000443  0.000130  0.000092  \n",
       "PEP    0.000151  0.000111  0.000130  0.000371  0.000099  \n",
       "VZ     0.000096  0.000104  0.000092  0.000099  0.000183  "
      ]
     },
     "execution_count": 49,
     "metadata": {},
     "output_type": "execute_result"
    }
   ],
   "source": [
    "kovarijantska_matrica"
   ]
  }
 ],
 "metadata": {
  "kernelspec": {
   "display_name": "Python 3",
   "language": "python",
   "name": "python3"
  },
  "language_info": {
   "codemirror_mode": {
    "name": "ipython",
    "version": 3
   },
   "file_extension": ".py",
   "mimetype": "text/x-python",
   "name": "python",
   "nbconvert_exporter": "python",
   "pygments_lexer": "ipython3",
   "version": "3.11.5"
  }
 },
 "nbformat": 4,
 "nbformat_minor": 2
}
